2
0123
 0124
  0125
  0132
  0134
  0135
  0142
  0143
  0145
  0152
  0153
  0154
  0156
  0213
  0214
  0215
  0231
  0234
  0235
  0241
  0243
  0245
  0251
  0253
  0254
  0256
  0341
  0342
  0345
  0351
  0352
  0354
  0356
  0451
  0452
  0453
  0456
  0561
  0563
  0564
  0567
  1032
  1034
  1035
  1042
  1043
  1045
  1052
  1053
  1054
  1056
  1203
  1204
  1205
  1230
  1234
  1235
  1240
  1243
  1245
  1250
  1253
  1254
  1256
  1340
  1342
  1345
  1350
  1352
  1354
  1356
  1430
  1432
  1435
  1450
  1452
  1453
  1456
  1530
  1532
  1534
  1536
  1540
  1542
  1543
  1546
  1560
  1562
  1563
  1564
  1567
  3450
  3451
  3452
  3456
  3560
  3561
  3564
  3567
  4560
  4561
  4563
  4567
  5670
  5673
  5674
  5678
 0132
  0124
  0134
  0145
  0213
  0214
  0231
  0234
  0241
  0243
  0245
  0412
  0413
  0415
  0423
  0425
  0432
  0435
  0456
  1023
  1024
  1032
  1034
  1045
  1203
  1204
  1230
  1234
  1240
  1243
  1245
  1402
  1403
  1405
  1423
  1425
  1432
  1435
  1456
  2301
  2304
  2310
  2314
  2345
  2401
  2403
  2405
  2410
  2413
  2415
  2430
  2431
  2435
  2450
  2451
  2453
  2456
  4501
  4502
  4503
  4506
  4523
  4526
  4532
  4536
  4567
 0134
  0124
  0125
  0132
  0135
  0142
  0143
  0145
  0152
  0153
  0154
  0156
  0213
  0214
  0215
  0231
  0234
  0235
  0241
  0243
  0245
  0251
  0253
  0254
  0256
  0312
  0314
  0315
  0321
  0324
  0325
  0341
  0342
  0345
  0351
  0352
  0354
  0356
  0412
  0413
  0415
  0421
  0423
  0425
  0431
  0432
  0435
  0451
  0452
  0453
  0456
  0512
  0513
  0514
  0516
  0521
  0523
  0524
  0526
  0531
  0532
  0534
  0536
  0541
  0542
  0543
  0546
  0561
  0562
  0563
  0564
  0567
  1023
  1024
  1025
  1032
  1034
  1035
  1042
  1043
  1045
  1052
  1053
  1054
  1056
  1203
  1204
  1205
  1230
  1234
  1235
  1240
  1243
  1245
  1250
  1253
  1254
  1256
  1302
  1304
  1305
  1320
  1324
  1325
  1340
  1342
  1345
  1350
  1352
  1354
  1356
  1402
  1403
  1405
  1420
  1423
  1425
  1430
  1432
  1435
  1450
  1452
  1453
  1456
  1502
  1503
  1504
  1506
  1520
  1523
  1524
  1526
  1530
  1532
  1534
  1536
  1540
  1542
  1543
  1546
  1560
  1562
  1563
  1564
  1567
  2301
  2304
  2305
  2310
  2314
  2315
  2340
  2341
  2345
  2350
  2351
  2354
  2356
  2401
  2403
  2405
  2410
  2413
  2415
  2430
  2431
  2435
  2450
  2451
  2453
  2456
  2501
  2503
  2504
  2506
  2510
  2513
  2514
  2516
  2530
  2531
  2534
  2536
  2540
  2541
  2543
  2546
  2560
  2561
  2563
  2564
  2567
  3401
  3402
  3405
  3410
  3412
  3415
  3420
  3421
  3425
  3450
  3451
  3452
  3456
  3501
  3502
  3504
  3506
  3510
  3512
  3514
  3516
  3520
  3521
  3524
  3526
  3540
  3541
  3542
  3546
  3560
  3561
  3562
  3564
  3567
  4501
  4502
  4503
  4506
  4510
  4512
  4513
  4516
  4520
  4521
  4523
  4526
  4530
  4531
  4532
  4536
  4560
  4561
  4562
  4563
  4567
  5601
  5602
  5603
  5604
  5607
  5620
  5623
  5624
  5627
  5630
  5632
  5634
  5637
  5640
  5642
  5643
  5647
  5670
  5672
  5673
  5674
  5678
 0145
  0124
  0125
  0126
  0132
  0134
  0135
  0136
  0146
  0154
  0156
  0167
  0213
  0214
  0215
  0216
  0231
  0234
  0235
  0236
  0241
  0243
  0245
  0246
  0251
  0253
  0254
  0256
  0261
  0263
  0264
  0265
  0267
  0412
  0413
  0415
  0416
  0421
  0423
  0425
  0426
  0431
  0432
  0435
  0436
  0451
  0452
  0453
  0456
  0461
  0462
  0463
  0465
  0467
  0612
  0613
  0614
  0615
  0617
  0623
  0624
  0625
  0627
  0632
  0634
  0635
  0637
  0645
  0647
  0654
  0657
  0678
  1023
  1024
  1025
  1026
  1032
  1034
  1035
  1036
  1045
  1046
  1054
  1056
  1067
  1203
  1204
  1205
  1206
  1230
  1234
  1235
  1236
  1240
  1243
  1245
  1246
  1250
  1253
  1254
  1256
  1260
  1263
  1264
  1265
  1267
  1402
  1403
  1405
  1406
  1420
  1423
  1425
  1426
  1430
  1432
  1435
  1436
  1450
  1452
  1453
  1456
  1460
  1462
  1463
  1465
  1467
  1602
  1603
  1604
  1605
  1607
  1623
  1624
  1625
  1627
  1632
  1634
  1635
  1637
  1645
  1647
  1654
  1657
  1678
  2301
  2304
  2305
  2306
  2310
  2314
  2315
  2316
  2345
  2346
  2354
  2356
  2367
  2401
  2403
  2405
  2406
  2410
  2413
  2415
  2416
  2430
  2431
  2435
  2436
  2450
  2451
  2453
  2456
  2460
  2461
  2463
  2465
  2467
  2501
  2503
  2504
  2506
  2510
  2513
  2514
  2516
  2530
  2531
  2534
  2536
  2540
  2541
  2543
  2546
  2560
  2561
  2563
  2564
  2567
  2601
  2603
  2604
  2605
  2607
  2610
  2613
  2614
  2615
  2617
  2630
  2631
  2634
  2635
  2637
  2640
  2641
  2643
  2645
  2647
  2650
  2651
  2653
  2654
  2657
  2670
  2671
  2673
  2674
  2675
  2678
  4501
  4502
  4503
  4506
  4510
  4512
  4513
  4516
  4523
  4526
  4532
  4536
  4567
  4601
  4602
  4603
  4605
  4607
  4610
  4612
  4613
  4615
  4617
  4620
  4621
  4623
  4625
  4627
  4630
  4631
  4632
  4635
  4637
  4650
  4651
  4652
  4653
  4657
  4670
  4671
  4672
  4673
  4675
  4678
  6701
  6702
  6703
  6704
  6705
  6708
  6723
  6724
  6725
  6728
  6732
  6734
  6735
  6738
  6745
  6748
  6754
  6758
  6789
 0214
  0124
  0125
  0132
  0134
  0135
  0142
  0143
  0145
  0152
  0153
  0154
  0156
  0213
  0215
  0231
  0234
  0235
  0241
  0243
  0245
  0251
  0253
  0254
  0256
  0341
  0342
  0345
  0351
  0352
  0354
  0356
  0451
  0452
  0453
  0456
  0561
  0563
  0564
  0567
  1023
  1024
  1025
  1032
  1034
  1035
  1042
  1043
  1045
  1052
  1053
  1054
  1056
  1203
  1204
  1205
  1230
  1234
  1235
  1240
  1243
  1245
  1250
  1253
  1254
  1256
  1302
  1304
  1305
  1320
  1324
  1325
  1340
  1342
  1345
  1350
  1352
  1354
  1356
  1402
  1403
  1405
  1420
  1423
  1425
  1430
  1432
  1435
  1450
  1452
  1453
  1456
  1502
  1503
  1504
  1506
  1520
  1523
  1524
  1526
  1530
  1532
  1534
  1536
  1540
  1542
  1543
  1546
  1560
  1562
  1563
  1564
  1567
  3012
  3014
  3015
  3021
  3024
  3025
  3041
  3042
  3045
  3051
  3052
  3054
  3056
  3120
  3124
  3125
  3140
  3142
  3145
  3150
  3152
  3154
  3156
  3210
  3214
  3215
  3240
  3241
  3245
  3250
  3251
  3254
  3256
  3450
  3451
  3452
  3456
  3560
  3561
  3564
  3567
  4012
  4013
  4015
  4021
  4023
  4025
  4031
  4032
  4035
  4051
  4052
  4053
  4056
  4120
  4123
  4125
  4130
  4132
  4135
  4150
  4152
  4153
  4156
  4210
  4213
  4215
  4230
  4231
  4235
  4250
  4251
  4253
  4256
  4350
  4351
  4352
  4356
  4560
  4561
  4563
  4567
  5012
  5013
  5014
  5016
  5021
  5023
  5024
  5026
  5031
  5032
  5034
  5036
  5041
  5042
  5043
  5046
  5061
  5062
  5063
  5064
  5067
  5120
  5123
  5124
  5126
  5130
  5132
  5134
  5136
  5140
  5142
  5143
  5146
  5160
  5162
  5163
  5164
  5167
  5210
  5213
  5214
  5216
  5230
  5231
  5234
  5236
  5240
  5241
  5243
  5246
  5260
  5261
  5263
  5264
  5267
  5340
  5341
  5342
  5346
  5360
  5361
  5362
  5364
  5367
  5460
  5461
  5462
  5463
  5467
  5670
  5671
  5673
  5674
  5678
 0231
  0124
  0132
  0134
  0142
  0145
  0214
  0234
  0245
  0312
  0314
  0345
  0456
  1023
  1024
  1032
  1034
  1042
  1043
  1045
  1203
  1204
  1230
  1234
  1240
  1243
  1245
  1302
  1304
  1320
  1324
  1340
  1342
  1345
  1402
  1403
  1405
  1420
  1423
  1425
  1430
  1432
  1435
  1450
  1452
  1453
  1456
  4012
  4013
  4015
  4021
  4023
  4025
  4031
  4032
  4035
  4051
  4052
  4053
  4056
  4123
  4125
  4132
  4135
  4152
  4156
  4215
  4231
  4235
  4256
  4312
  4315
  4356
  4567
 0234
  0124
  0125
  0132
  0134
  0135
  0142
  0143
  0145
  0152
  0153
  0154
  0156
  0213
  0214
  0215
  0231
  0235
  0241
  0243
  0245
  0251
  0253
  0254
  0256
  0312
  0314
  0315
  0321
  0324
  0325
  0341
  0342
  0345
  0351
  0352
  0354
  0356
  0412
  0413
  0415
  0421
  0423
  0425
  0431
  0432
  0435
  0451
  0452
  0453
  0456
  0512
  0513
  0514
  0516
  0521
  0523
  0524
  0526
  0531
  0532
  0534
  0536
  0541
  0542
  0543
  0546
  0561
  0562
  0563
  0564
  0567
  1023
  1024
  1025
  1032
  1034
  1035
  1042
  1043
  1045
  1052
  1053
  1054
  1056
  1203
  1204
  1205
  1230
  1234
  1235
  1240
  1243
  1245
  1250
  1253
  1254
  1256
  1302
  1304
  1305
  1320
  1324
  1325
  1340
  1342
  1345
  1350
  1352
  1354
  1356
  1402
  1403
  1405
  1420
  1423
  1425
  1430
  1432
  1435
  1450
  1452
  1453
  1456
  1502
  1503
  1504
  1506
  1520
  1523
  1524
  1526
  1530
  1532
  1534
  1536
  1540
  1542
  1543
  1546
  1560
  1562
  1563
  1564
  1567
  2013
  2014
  2015
  2031
  2034
  2035
  2041
  2043
  2045
  2051
  2053
  2054
  2056
  2103
  2104
  2105
  2130
  2134
  2135
  2140
  2143
  2145
  2150
  2153
  2154
  2156
  2301
  2304
  2305
  2310
  2314
  2315
  2340
  2341
  2345
  2350
  2351
  2354
  2356
  2401
  2403
  2405
  2410
  2413
  2415
  2430
  2431
  2435
  2450
  2451
  2453
  2456
  2501
  2503
  2504
  2506
  2510
  2513
  2514
  2516
  2530
  2531
  2534
  2536
  2540
  2541
  2543
  2546
  2560
  2561
  2563
  2564
  2567
  3012
  3014
  3015
  3021
  3024
  3025
  3041
  3042
  3045
  3051
  3052
  3054
  3056
  3102
  3104
  3105
  3120
  3124
  3125
  3140
  3142
  3145
  3150
  3152
  3154
  3156
  3201
  3204
  3205
  3210
  3214
  3215
  3240
  3241
  3245
  3250
  3251
  3254
  3256
  3401
  3402
  3405
  3410
  3412
  3415
  3420
  3421
  3425
  3450
  3451
  3452
  3456
  3501
  3502
  3504
  3506
  3510
  3512
  3514
  3516
  3520
  3521
  3524
  3526
  3540
  3541
  3542
  3546
  3560
  3561
  3562
  3564
  3567
  4012
  4013
  4015
  4021
  4023
  4025
  4031
  4032
  4035
  4051
  4052
  4053
  4056
  4102
  4103
  4105
  4120
  4123
  4125
  4130
  4132
  4135
  4150
  4152
  4153
  4156
  4201
  4203
  4205
  4210
  4213
  4215
  4230
  4231
  4235
  4250
  4251
  4253
  4256
  4301
  4302
  4305
  4310
  4312
  4315
  4320
  4321
  4325
  4350
  4351
  4352
  4356
  4501
  4502
  4503
  4506
  4510
  4512
  4513
  4516
  4520
  4521
  4523
  4526
  4530
  4531
  4532
  4536
  4560
  4561
  4562
  4563
  4567
  5012
  5013
  5014
  5016
  5021
  5023
  5024
  5026
  5031
  5032
  5034
  5036
  5041
  5042
  5043
  5046
  5061
  5062
  5063
  5064
  5067
  5102
  5103
  5104
  5106
  5120
  5123
  5124
  5126
  5130
  5132
  5134
  5136
  5140
  5142
  5143
  5146
  5160
  5162
  5163
  5164
  5167
  5201
  5203
  5204
  5206
  5210
  5213
  5214
  5216
  5230
  5231
  5234
  5236
  5240
  5241
  5243
  5246
  5260
  5261
  5263
  5264
  5267
  5301
  5302
  5304
  5306
  5310
  5312
  5314
  5316
  5320
  5321
  5324
  5326
  5340
  5341
  5342
  5346
  5360
  5361
  5362
  5364
  5367
  5401
  5402
  5403
  5406
  5410
  5412
  5413
  5416
  5420
  5421
  5423
  5426
  5430
  5431
  5432
  5436
  5460
  5461
  5462
  5463
  5467
  5601
  5602
  5603
  5604
  5607
  5610
  5612
  5613
  5614
  5617
  5620
  5621
  5623
  5624
  5627
  5630
  5631
  5632
  5634
  5637
  5640
  5641
  5642
  5643
  5647
  5670
  5671
  5672
  5673
  5674
  5678
 0245
  0124
  0125
  0126
  0132
  0134
  0135
  0136
  0142
  0143
  0145
  0146
  0152
  0153
  0154
  0156
  0162
  0163
  0164
  0165
  0167
  0213
  0214
  0215
  0216
  0231
  0234
  0235
  0236
  0241
  0243
  0246
  0251
  0253
  0254
  0256
  0261
  0263
  0264
  0265
  0267
  0312
  0314
  0315
  0316
  0321
  0324
  0325
  0326
  0341
  0342
  0345
  0346
  0351
  0352
  0354
  0356
  0361
  0362
  0364
  0365
  0367
  0412
  0413
  0415
  0416
  0421
  0423
  0425
  0426
  0431
  0432
  0435
  0436
  0451
  0452
  0453
  0456
  0461
  0462
  0463
  0465
  0467
  0512
  0513
  0514
  0516
  0521
  0523
  0524
  0526
  0531
  0532
  0534
  0536
  0541
  0542
  0543
  0546
  0561
  0562
  0563
  0564
  0567
  0612
  0613
  0614
  0615
  0617
  0621
  0623
  0624
  0625
  0627
  0631
  0632
  0634
  0635
  0637
  0641
  0642
  0643
  0645
  0647
  0651
  0652
  0653
  0654
  0657
  0671
  0672
  0673
  0674
  0675
  0678
  1023
  1024
  1025
  1026
  1032
  1034
  1035
  1036
  1042
  1043
  1045
  1046
  1052
  1053
  1054
  1056
  1062
  1063
  1064
  1065
  1067
  1203
  1204
  1205
  1206
  1230
  1234
  1235
  1236
  1240
  1243
  1245
  1246
  1250
  1253
  1254
  1256
  1260
  1263
  1264
  1265
  1267
  1302
  1304
  1305
  1306
  1320
  1324
  1325
  1326
  1340
  1342
  1345
  1346
  1350
  1352
  1354
  1356
  1360
  1362
  1364
  1365
  1367
  1402
  1403
  1405
  1406
  1420
  1423
  1425
  1426
  1430
  1432
  1435
  1436
  1450
  1452
  1453
  1456
  1460
  1462
  1463
  1465
  1467
  1502
  1503
  1504
  1506
  1520
  1523
  1524
  1526
  1530
  1532
  1534
  1536
  1540
  1542
  1543
  1546
  1560
  1562
  1563
  1564
  1567
  1602
  1603
  1604
  1605
  1607
  1620
  1623
  1624
  1625
  1627
  1630
  1632
  1634
  1635
  1637
  1640
  1642
  1643
  1645
  1647
  1650
  1652
  1653
  1654
  1657
  1670
  1672
  1673
  1674
  1675
  1678
  2013
  2014
  2015
  2016
  2031
  2034
  2035
  2036
  2041
  2043
  2045
  2046
  2051
  2053
  2054
  2056
  2061
  2063
  2064
  2065
  2067
  2103
  2104
  2105
  2106
  2130
  2134
  2135
  2136
  2140
  2143
  2145
  2146
  2150
  2153
  2154
  2156
  2160
  2163
  2164
  2165
  2167
  2301
  2304
  2305
  2306
  2310
  2314
  2315
  2316
  2340
  2341
  2345
  2346
  2350
  2351
  2354
  2356
  2360
  2361
  2364
  2365
  2367
  2401
  2403
  2405
  2406
  2410
  2413
  2415
  2416
  2430
  2431
  2435
  2436
  2450
  2451
  2453
  2456
  2460
  2461
  2463
  2465
  2467
  2501
  2503
  2504
  2506
  2510
  2513
  2514
  2516
  2530
  2531
  2534
  2536
  2540
  2541
  2543
  2546
  2560
  2561
  2563
  2564
  2567
  2601
  2603
  2604
  2605
  2607
  2610
  2613
  2614
  2615
  2617
  2630
  2631
  2634
  2635
  2637
  2640
  2641
  2643
  2645
  2647
  2650
  2651
  2653
  2654
  2657
  2670
  2671
  2673
  2674
  2675
  2678
  3012
  3014
  3015
  3016
  3021
  3024
  3025
  3026
  3041
  3042
  3045
  3046
  3051
  3052
  3054
  3056
  3061
  3062
  3064
  3065
  3067
  3102
  3104
  3105
  3106
  3120
  3124
  3125
  3126
  3140
  3142
  3145
  3146
  3150
  3152
  3154
  3156
  3160
  3162
  3164
  3165
  3167
  3201
  3204
  3205
  3206
  3210
  3214
  3215
  3216
  3240
  3241
  3245
  3246
  3250
  3251
  3254
  3256
  3260
  3261
  3264
  3265
  3267
  3401
  3402
  3405
  3406
  3410
  3412
  3415
  3416
  3420
  3421
  3425
  3426
  3450
  3451
  3452
  3456
  3460
  3461
  3462
  3465
  3467
  3501
  3502
  3504
  3506
  3510
  3512
  3514
  3516
  3520
  3521
  3524
  3526
  3540
  3541
  3542
  3546
  3560
  3561
  3562
  3564
  3567
  3601
  3602
  3604
  3605
  3607
  3610
  3612
  3614
  3615
  3617
  3620
  3621
  3624
  3625
  3627
  3640
  3641
  3642
  3645
  3647
  3650
  3651
  3652
  3654
  3657
  3670
  3671
  3672
  3674
  3675
  3678
  4012
  4013
  4015
  4016
  4021
  4023
  4025
  4026
  4031
  4032
  4035
  4036
  4051
  4052
  4053
  4056
  4061
  4062
  4063
  4065
  4067
  4102
  4103
  4105
  4106
  4120
  4123
  4125
  4126
  4130
  4132
  4135
  4136
  4150
  4152
  4153
  4156
  4160
  4162
  4163
  4165
  4167
  4201
  4203
  4205
  4206
  4210
  4213
  4215
  4216
  4230
  4231
  4235
  4236
  4250
  4251
  4253
  4256
  4260
  4261
  4263
  4265
  4267
  4301
  4302
  4305
  4306
  4310
  4312
  4315
  4316
  4320
  4321
  4325
  4326
  4350
  4351
  4352
  4356
  4360
  4361
  4362
  4365
  4367
  4501
  4502
  4503
  4506
  4510
  4512
  4513
  4516
  4520
  4521
  4523
  4526
  4530
  4531
  4532
  4536
  4560
  4561
  4562
  4563
  4567
  4601
  4602
  4603
  4605
  4607
  4610
  4612
  4613
  4615
  4617
  4620
  4621
  4623
  4625
  4627
  4630
  4631
  4632
  4635
  4637
  4650
  4651
  4652
  4653
  4657
  4670
  4671
  4672
  4673
  4675
  4678
  5012
  5013
  5014
  5016
  5021
  5023
  5024
  5026
  5031
  5032
  5034
  5036
  5041
  5042
  5043
  5046
  5061
  5062
  5063
  5064
  5067
  5102
  5103
  5104
  5106
  5120
  5123
  5124
  5126
  5130
  5132
  5134
  5136
  5140
  5142
  5143
  5146
  5160
  5162
  5163
  5164
  5167
  5201
  5203
  5204
  5206
  5210
  5213
  5214
  5216
  5230
  5231
  5234
  5236
  5240
  5241
  5243
  5246
  5260
  5261
  5263
  5264
  5267
  5301
  5302
  5304
  5306
  5310
  5312
  5314
  5316
  5320
  5321
  5324
  5326
  5340
  5341
  5342
  5346
  5360
  5361
  5362
  5364
  5367
  5401
  5402
  5403
  5406
  5410
  5412
  5413
  5416
  5420
  5421
  5423
  5426
  5430
  5431
  5432
  5436
  5460
  5461
  5462
  5463
  5467
  5601
  5602
  5603
  5604
  5607
  5610
  5612
  5613
  5614
  5617
  5620
  5621
  5623
  5624
  5627
  5630
  5631
  5632
  5634
  5637
  5640
  5641
  5642
  5643
  5647
  5670
  5671
  5672
  5673
  5674
  5678
  6012
  6013
  6014
  6015
  6017
  6021
  6023
  6024
  6025
  6027
  6031
  6032
  6034
  6035
  6037
  6041
  6042
  6043
  6045
  6047
  6051
  6052
  6053
  6054
  6057
  6071
  6072
  6073
  6074
  6075
  6078
  6102
  6103
  6104
  6105
  6107
  6120
  6123
  6124
  6125
  6127
  6130
  6132
  6134
  6135
  6137
  6140
  6142
  6143
  6145
  6147
  6150
  6152
  6153
  6154
  6157
  6170
  6172
  6173
  6174
  6175
  6178
  6201
  6203
  6204
  6205
  6207
  6210
  6213
  6214
  6215
  6217
  6230
  6231
  6234
  6235
  6237
  6240
  6241
  6243
  6245
  6247
  6250
  6251
  6253
  6254
  6257
  6270
  6271
  6273
  6274
  6275
  6278
  6301
  6302
  6304
  6305
  6307
  6310
  6312
  6314
  6315
  6317
  6320
  6321
  6324
  6325
  6327
  6340
  6341
  6342
  6345
  6347
  6350
  6351
  6352
  6354
  6357
  6370
  6371
  6372
  6374
  6375
  6378
  6401
  6402
  6403
  6405
  6407
  6410
  6412
  6413
  6415
  6417
  6420
  6421
  6423
  6425
  6427
  6430
  6431
  6432
  6435
  6437
  6450
  6451
  6452
  6453
  6457
  6470
  6471
  6472
  6473
  6475
  6478
  6501
  6502
  6503
  6504
  6507
  6510
  6512
  6513
  6514
  6517
  6520
  6521
  6523
  6524
  6527
  6530
  6531
  6532
  6534
  6537
  6540
  6541
  6542
  6543
  6547
  6570
  6571
  6572
  6573
  6574
  6578
  6701
  6702
  6703
  6704
  6705
  6708
  6710
  6712
  6713
  6714
  6715
  6718
  6720
  6721
  6723
  6724
  6725
  6728
  6730
  6731
  6732
  6734
  6735
  6738
  6740
  6741
  6742
  6743
  6745
  6748
  6750
  6751
  6752
  6753
  6754
  6758
  6780
  6781
  6782
  6783
  6784
  6785
  6789
 0456
  0124
  0126
  0127
  0132
  0134
  0135
  0136
  0137
  0145
  0146
  0147
  0156
  0157
  0165
  0167
  0178
  0214
  0216
  0217
  0231
  0234
  0235
  0236
  0237
  0245
  0246
  0247
  0254
  0256
  0257
  0264
  0265
  0267
  0274
  0275
  0276
  0278
  0457
  0465
  0467
  0478
  0547
  0564
  0567
  0578
  0789
  1023
  1024
  1025
  1026
  1027
  1032
  1034
  1035
  1036
  1037
  1045
  1046
  1047
  1056
  1057
  1065
  1067
  1078
  1203
  1204
  1205
  1206
  1207
  1230
  1234
  1235
  1236
  1237
  1240
  1243
  1245
  1246
  1247
  1250
  1253
  1254
  1256
  1257
  1260
  1263
  1264
  1265
  1267
  1270
  1273
  1274
  1275
  1276
  1278
  1402
  1403
  1405
  1406
  1407
  1423
  1425
  1426
  1427
  1432
  1435
  1436
  1437
  1456
  1457
  1465
  1467
  1478
  1502
  1503
  1504
  1506
  1507
  1520
  1523
  1524
  1526
  1527
  1530
  1532
  1534
  1536
  1537
  1540
  1542
  1543
  1546
  1547
  1560
  1562
  1563
  1564
  1567
  1570
  1572
  1573
  1574
  1576
  1578
  1702
  1703
  1704
  1705
  1706
  1708
  1723
  1724
  1725
  1726
  1728
  1732
  1734
  1735
  1736
  1738
  1745
  1746
  1748
  1756
  1758
  1765
  1768
  1789
  4012
  4013
  4015
  4016
  4017
  4023
  4025
  4026
  4027
  4032
  4035
  4036
  4037
  4056
  4057
  4065
  4067
  4078
  4102
  4103
  4105
  4106
  4107
  4123
  4125
  4126
  4127
  4132
  4135
  4136
  4137
  4156
  4157
  4165
  4167
  4178
  4201
  4203
  4205
  4206
  4207
  4210
  4213
  4215
  4216
  4217
  4230
  4231
  4235
  4236
  4237
  4250
  4251
  4253
  4256
  4257
  4260
  4261
  4263
  4265
  4267
  4270
  4271
  4273
  4275
  4276
  4278
  4501
  4502
  4503
  4506
  4507
  4510
  4512
  4513
  4516
  4517
  4520
  4521
  4523
  4526
  4527
  4530
  4531
  4532
  4536
  4537
  4560
  4561
  4562
  4563
  4567
  4570
  4571
  4572
  4573
  4576
  4578
  4701
  4702
  4703
  4705
  4706
  4708
  4712
  4713
  4715
  4716
  4718
  4723
  4725
  4726
  4728
  4732
  4735
  4736
  4738
  4756
  4758
  4765
  4768
  4789
  7012
  7013
  7014
  7015
  7016
  7018
  7023
  7024
  7025
  7026
  7028
  7032
  7034
  7035
  7036
  7038
  7045
  7046
  7048
  7056
  7058
  7065
  7068
  7089
  7123
  7124
  7126
  7128
  7132
  7134
  7135
  7136
  7138
  7145
  7146
  7148
  7156
  7158
  7165
  7168
  7189
  7214
  7216
  7218
  7231
  7234
  7235
  7236
  7238
  7245
  7246
  7248
  7254
  7256
  7258
  7264
  7265
  7268
  7284
  7285
  7286
  7289
  7456
  7458
  7465
  7468
  7489
  7548
  7564
  7568
  7589
 1032
  0124
  0132
  0134
  0145
  0213
  0214
  0231
  0234
  0241
  0243
  0245
  0412
  0415
  0425
  0432
  0435
  0456
  1034
  1045
  1204
  1230
  1234
  1240
  1245
  1405
  1435
  1456
  2301
  2304
  2310
  2314
  2345
  2405
  2415
  2451
  2456
  4567
 1034
  0124
  0125
  0132
  0134
  0135
  0142
  0143
  0145
  0152
  0153
  0154
  0156
  0213
  0214
  0215
  0231
  0234
  0235
  0241
  0243
  0245
  0251
  0253
  0254
  0256
  0312
  0314
  0315
  0321
  0324
  0325
  0341
  0342
  0345
  0351
  0352
  0354
  0356
  0412
  0413
  0415
  0421
  0423
  0425
  0431
  0432
  0435
  0451
  0452
  0453
  0456
  0512
  0513
  0514
  0516
  0521
  0523
  0524
  0526
  0531
  0532
  0534
  0536
  0541
  0542
  0543
  0546
  0561
  0562
  0563
  0564
  0567
  1023
  1024
  1025
  1032
  1035
  1042
  1043
  1045
  1052
  1053
  1054
  1056
  1203
  1204
  1205
  1230
  1234
  1235
  1240
  1243
  1245
  1250
  1253
  1254
  1256
  1302
  1304
  1305
  1320
  1324
  1325
  1340
  1342
  1345
  1350
  1352
  1354
  1356
  1402
  1403
  1405
  1420
  1423
  1425
  1430
  1432
  1435
  1450
  1452
  1453
  1456
  1502
  1503
  1504
  1506
  1520
  1523
  1524
  1526
  1530
  1532
  1534
  1536
  1540
  1542
  1543
  1546
  1560
  1562
  1563
  1564
  1567
  2301
  2304
  2305
  2310
  2314
  2315
  2340
  2341
  2345
  2350
  2351
  2354
  2356
  2401
  2403
  2405
  2410
  2413
  2415
  2430
  2431
  2435
  2450
  2451
  2453
  2456
  2501
  2503
  2504
  2506
  2510
  2513
  2514
  2516
  2530
  2531
  2534
  2536
  2540
  2541
  2543
  2546
  2560
  2561
  2563
  2564
  2567
  3401
  3402
  3405
  3410
  3412
  3415
  3420
  3421
  3425
  3450
  3451
  3452
  3456
  3501
  3502
  3504
  3506
  3510
  3512
  3514
  3516
  3520
  3521
  3524
  3526
  3540
  3541
  3542
  3546
  3560
  3561
  3562
  3564
  3567
  4501
  4502
  4503
  4506
  4510
  4512
  4513
  4516
  4520
  4521
  4523
  4526
  4530
  4531
  4532
  4536
  4560
  4561
  4562
  4563
  4567
  5601
  5602
  5603
  5604
  5607
  5620
  5623
  5624
  5627
  5630
  5632
  5634
  5637
  5640
  5642
  5643
  5647
  5670
  5672
  5673
  5674
  5678
 1045
  0124
  0125
  0126
  0132
  0134
  0135
  0136
  0145
  0146
  0154
  0156
  0167
  0213
  0214
  0215
  0216
  0231
  0234
  0235
  0236
  0241
  0243
  0245
  0246
  0251
  0253
  0254
  0256
  0261
  0263
  0264
  0265
  0267
  0412
  0413
  0415
  0416
  0421
  0423
  0425
  0426
  0431
  0432
  0435
  0436
  0451
  0452
  0453
  0456
  0461
  0462
  0463
  0465
  0467
  0612
  0613
  0614
  0615
  0617
  0623
  0624
  0625
  0627
  0632
  0634
  0635
  0637
  0645
  0647
  0654
  0657
  0678
  1023
  1024
  1025
  1026
  1032
  1034
  1035
  1036
  1046
  1054
  1056
  1067
  1203
  1204
  1205
  1206
  1230
  1234
  1235
  1236
  1240
  1243
  1245
  1246
  1250
  1253
  1254
  1256
  1260
  1263
  1264
  1265
  1267
  1402
  1403
  1405
  1406
  1420
  1423
  1425
  1426
  1430
  1432
  1435
  1436
  1450
  1452
  1453
  1456
  1460
  1462
  1463
  1465
  1467
  1602
  1603
  1604
  1605
  1607
  1623
  1624
  1625
  1627
  1632
  1634
  1635
  1637
  1645
  1647
  1654
  1657
  1678
  2301
  2304
  2305
  2306
  2310
  2314
  2315
  2316
  2345
  2346
  2354
  2356
  2367
  2401
  2403
  2405
  2406
  2410
  2413
  2415
  2416
  2430
  2431
  2435
  2436
  2450
  2451
  2453
  2456
  2460
  2461
  2463
  2465
  2467
  2501
  2503
  2504
  2506
  2510
  2513
  2514
  2516
  2530
  2531
  2534
  2536
  2540
  2541
  2543
  2546
  2560
  2561
  2563
  2564
  2567
  2601
  2603
  2604
  2605
  2607
  2610
  2613
  2614
  2615
  2617
  2630
  2631
  2634
  2635
  2637
  2640
  2641
  2643
  2645
  2647
  2650
  2651
  2653
  2654
  2657
  2670
  2671
  2673
  2674
  2675
  2678
  4501
  4502
  4503
  4506
  4510
  4512
  4513
  4516
  4523
  4526
  4532
  4536
  4567
  4601
  4602
  4603
  4605
  4607
  4610
  4612
  4613
  4615
  4617
  4620
  4621
  4623
  4625
  4627
  4630
  4631
  4632
  4635
  4637
  4650
  4651
  4652
  4653
  4657
  4670
  4671
  4672
  4673
  4675
  4678
  6701
  6702
  6703
  6704
  6705
  6708
  6723
  6724
  6725
  6728
  6732
  6734
  6735
  6738
  6745
  6748
  6754
  6758
  6789
 1204
  0124
  0125
  0132
  0134
  0135
  0142
  0143
  0145
  0152
  0153
  0154
  0156
  0213
  0214
  0215
  0231
  0234
  0235
  0241
  0243
  0245
  0251
  0253
  0254
  0256
  0312
  0314
  0315
  0341
  0342
  0345
  0351
  0352
  0354
  0356
  0412
  0413
  0415
  0431
  0432
  0435
  0451
  0452
  0453
  0456
  0512
  0513
  0514
  0516
  0531
  0532
  0534
  0536
  0541
  0542
  0543
  0546
  0561
  0562
  0563
  0564
  0567
  1032
  1034
  1035
  1042
  1043
  1045
  1052
  1053
  1054
  1056
  1203
  1205
  1230
  1234
  1235
  1240
  1243
  1245
  1250
  1253
  1254
  1256
  1340
  1342
  1345
  1350
  1352
  1354
  1356
  1430
  1432
  1435
  1450
  1452
  1453
  1456
  1530
  1532
  1534
  1536
  1540
  1542
  1543
  1546
  1560
  1562
  1563
  1564
  1567
  2013
  2014
  2015
  2031
  2034
  2035
  2041
  2043
  2045
  2051
  2053
  2054
  2056
  2340
  2341
  2345
  2350
  2351
  2354
  2356
  2430
  2431
  2435
  2450
  2451
  2453
  2456
  2530
  2531
  2534
  2536
  2540
  2541
  2543
  2546
  2560
  2561
  2563
  2564
  2567
  3450
  3451
  3452
  3456
  3540
  3541
  3542
  3546
  3560
  3561
  3562
  3564
  3567
  4560
  4561
  4562
  4563
  4567
  5670
  5673
  5674
  5678
 1230
  0124
  0132
  0134
  0142
  0145
  0214
  0231
  0234
  0241
  0245
  0312
  0314
  0321
  0324
  0341
  0342
  0345
  0412
  0415
  0425
  0431
  0432
  0435
  0451
  0452
  0456
  1032
  1034
  1042
  1045
  1204
  1234
  1245
  1302
  1304
  1342
  1345
  1402
  1405
  1435
  1452
  1456
  2014
  2041
  2045
  2301
  2304
  2345
  2405
  2415
  2456
  3012
  3014
  3045
  3415
  3456
  4567
 1234
  0124
  0125
  0132
  0134
  0135
  0142
  0143
  0145
  0152
  0153
  0154
  0156
  0213
  0214
  0215
  0231
  0234
  0235
  0241
  0243
  0245
  0251
  0253
  0254
  0256
  0312
  0314
  0315
  0321
  0324
  0325
  0341
  0342
  0345
  0351
  0352
  0354
  0356
  0412
  0413
  0415
  0421
  0423
  0425
  0431
  0432
  0435
  0451
  0452
  0453
  0456
  0512
  0513
  0514
  0516
  0521
  0523
  0524
  0526
  0531
  0532
  0534
  0536
  0541
  0542
  0543
  0546
  0561
  0562
  0563
  0564
  0567
  1023
  1024
  1025
  1032
  1034
  1035
  1042
  1043
  1045
  1052
  1053
  1054
  1056
  1203
  1204
  1205
  1230
  1235
  1240
  1243
  1245
  1250
  1253
  1254
  1256
  1302
  1304
  1305
  1320
  1324
  1325
  1340
  1342
  1345
  1350
  1352
  1354
  1356
  1402
  1403
  1405
  1420
  1423
  1425
  1430
  1432
  1435
  1450
  1452
  1453
  1456
  1502
  1503
  1504
  1506
  1520
  1523
  1524
  1526
  1530
  1532
  1534
  1536
  1540
  1542
  1543
  1546
  1560
  1562
  1563
  1564
  1567
  2013
  2014
  2015
  2031
  2034
  2035
  2041
  2043
  2045
  2051
  2053
  2054
  2056
  2103
  2104
  2105
  2130
  2134
  2135
  2140
  2143
  2145
  2150
  2153
  2154
  2156
  2301
  2304
  2305
  2310
  2314
  2315
  2340
  2341
  2345
  2350
  2351
  2354
  2356
  2401
  2403
  2405
  2410
  2413
  2415
  2430
  2431
  2435
  2450
  2451
  2453
  2456
  2501
  2503
  2504
  2506
  2510
  2513
  2514
  2516
  2530
  2531
  2534
  2536
  2540
  2541
  2543
  2546
  2560
  2561
  2563
  2564
  2567
  3012
  3014
  3015
  3021
  3024
  3025
  3041
  3042
  3045
  3051
  3052
  3054
  3056
  3102
  3104
  3105
  3120
  3124
  3125
  3140
  3142
  3145
  3150
  3152
  3154
  3156
  3201
  3204
  3205
  3210
  3214
  3215
  3240
  3241
  3245
  3250
  3251
  3254
  3256
  3401
  3402
  3405
  3410
  3412
  3415
  3420
  3421
  3425
  3450
  3451
  3452
  3456
  3501
  3502
  3504
  3506
  3510
  3512
  3514
  3516
  3520
  3521
  3524
  3526
  3540
  3541
  3542
  3546
  3560
  3561
  3562
  3564
  3567
  4012
  4013
  4015
  4021
  4023
  4025
  4031
  4032
  4035
  4051
  4052
  4053
  4056
  4102
  4103
  4105
  4120
  4123
  4125
  4130
  4132
  4135
  4150
  4152
  4153
  4156
  4201
  4203
  4205
  4210
  4213
  4215
  4230
  4231
  4235
  4250
  4251
  4253
  4256
  4301
  4302
  4305
  4310
  4312
  4315
  4320
  4321
  4325
  4350
  4351
  4352
  4356
  4501
  4502
  4503
  4506
  4510
  4512
  4513
  4516
  4520
  4521
  4523
  4526
  4530
  4531
  4532
  4536
  4560
  4561
  4562
  4563
  4567
  5012
  5013
  5014
  5016
  5021
  5023
  5024
  5026
  5031
  5032
  5034
  5036
  5041
  5042
  5043
  5046
  5061
  5062
  5063
  5064
  5067
  5102
  5103
  5104
  5106
  5120
  5123
  5124
  5126
  5130
  5132
  5134
  5136
  5140
  5142
  5143
  5146
  5160
  5162
  5163
  5164
  5167
  5201
  5203
  5204
  5206
  5210
  5213
  5214
  5216
  5230
  5231
  5234
  5236
  5240
  5241
  5243
  5246
  5260
  5261
  5263
  5264
  5267
  5301
  5302
  5304
  5306
  5310
  5312
  5314
  5316
  5320
  5321
  5324
  5326
  5340
  5341
  5342
  5346
  5360
  5361
  5362
  5364
  5367
  5401
  5402
  5403
  5406
  5410
  5412
  5413
  5416
  5420
  5421
  5423
  5426
  5430
  5431
  5432
  5436
  5460
  5461
  5462
  5463
  5467
  5601
  5602
  5603
  5604
  5607
  5610
  5612
  5613
  5614
  5617
  5620
  5621
  5623
  5624
  5627
  5630
  5631
  5632
  5634
  5637
  5640
  5641
  5642
  5643
  5647
  5670
  5671
  5672
  5673
  5674
  5678
 1245
  0124
  0125
  0126
  0132
  0134
  0135
  0136
  0142
  0143
  0145
  0146
  0152
  0153
  0154
  0156
  0162
  0163
  0164
  0165
  0167
  0213
  0214
  0215
  0216
  0231
  0234
  0235
  0236
  0241
  0243
  0245
  0246
  0251
  0253
  0254
  0256
  0261
  0263
  0264
  0265
  0267
  0312
  0314
  0315
  0316
  0321
  0324
  0325
  0326
  0341
  0342
  0345
  0346
  0351
  0352
  0354
  0356
  0361
  0362
  0364
  0365
  0367
  0412
  0413
  0415
  0416
  0421
  0423
  0425
  0426
  0431
  0432
  0435
  0436
  0451
  0452
  0453
  0456
  0461
  0462
  0463
  0465
  0467
  0512
  0513
  0514
  0516
  0521
  0523
  0524
  0526
  0531
  0532
  0534
  0536
  0541
  0542
  0543
  0546
  0561
  0562
  0563
  0564
  0567
  0612
  0613
  0614
  0615
  0617
  0621
  0623
  0624
  0625
  0627
  0631
  0632
  0634
  0635
  0637
  0641
  0642
  0643
  0645
  0647
  0651
  0652
  0653
  0654
  0657
  0671
  0672
  0673
  0674
  0675
  0678
  1023
  1024
  1025
  1026
  1032
  1034
  1035
  1036
  1042
  1043
  1045
  1046
  1052
  1053
  1054
  1056
  1062
  1063
  1064
  1065
  1067
  1203
  1204
  1205
  1206
  1230
  1234
  1235
  1236
  1240
  1243
  1246
  1250
  1253
  1254
  1256
  1260
  1263
  1264
  1265
  1267
  1302
  1304
  1305
  1306
  1320
  1324
  1325
  1326
  1340
  1342
  1345
  1346
  1350
  1352
  1354
  1356
  1360
  1362
  1364
  1365
  1367
  1402
  1403
  1405
  1406
  1420
  1423
  1425
  1426
  1430
  1432
  1435
  1436
  1450
  1452
  1453
  1456
  1460
  1462
  1463
  1465
  1467
  1502
  1503
  1504
  1506
  1520
  1523
  1524
  1526
  1530
  1532
  1534
  1536
  1540
  1542
  1543
  1546
  1560
  1562
  1563
  1564
  1567
  1602
  1603
  1604
  1605
  1607
  1620
  1623
  1624
  1625
  1627
  1630
  1632
  1634
  1635
  1637
  1640
  1642
  1643
  1645
  1647
  1650
  1652
  1653
  1654
  1657
  1670
  1672
  1673
  1674
  1675
  1678
  2013
  2014
  2015
  2016
  2031
  2034
  2035
  2036
  2041
  2043
  2045
  2046
  2051
  2053
  2054
  2056
  2061
  2063
  2064
  2065
  2067
  2103
  2104
  2105
  2106
  2130
  2134
  2135
  2136
  2140
  2143
  2145
  2146
  2150
  2153
  2154
  2156
  2160
  2163
  2164
  2165
  2167
  2301
  2304
  2305
  2306
  2310
  2314
  2315
  2316
  2340
  2341
  2345
  2346
  2350
  2351
  2354
  2356
  2360
  2361
  2364
  2365
  2367
  2401
  2403
  2405
  2406
  2410
  2413
  2415
  2416
  2430
  2431
  2435
  2436
  2450
  2451
  2453
  2456
  2460
  2461
  2463
  2465
  2467
  2501
  2503
  2504
  2506
  2510
  2513
  2514
  2516
  2530
  2531
  2534
  2536
  2540
  2541
  2543
  2546
  2560
  2561
  2563
  2564
  2567
  2601
  2603
  2604
  2605
  2607
  2610
  2613
  2614
  2615
  2617
  2630
  2631
  2634
  2635
  2637
  2640
  2641
  2643
  2645
  2647
  2650
  2651
  2653
  2654
  2657
  2670
  2671
  2673
  2674
  2675
  2678
  3012
  3014
  3015
  3016
  3021
  3024
  3025
  3026
  3041
  3042
  3045
  3046
  3051
  3052
  3054
  3056
  3061
  3062
  3064
  3065
  3067
  3102
  3104
  3105
  3106
  3120
  3124
  3125
  3126
  3140
  3142
  3145
  3146
  3150
  3152
  3154
  3156
  3160
  3162
  3164
  3165
  3167
  3201
  3204
  3205
  3206
  3210
  3214
  3215
  3216
  3240
  3241
  3245
  3246
  3250
  3251
  3254
  3256
  3260
  3261
  3264
  3265
  3267
  3401
  3402
  3405
  3406
  3410
  3412
  3415
  3416
  3420
  3421
  3425
  3426
  3450
  3451
  3452
  3456
  3460
  3461
  3462
  3465
  3467
  3501
  3502
  3504
  3506
  3510
  3512
  3514
  3516
  3520
  3521
  3524
  3526
  3540
  3541
  3542
  3546
  3560
  3561
  3562
  3564
  3567
  3601
  3602
  3604
  3605
  3607
  3610
  3612
  3614
  3615
  3617
  3620
  3621
  3624
  3625
  3627
  3640
  3641
  3642
  3645
  3647
  3650
  3651
  3652
  3654
  3657
  3670
  3671
  3672
  3674
  3675
  3678
  4012
  4013
  4015
  4016
  4021
  4023
  4025
  4026
  4031
  4032
  4035
  4036
  4051
  4052
  4053
  4056
  4061
  4062
  4063
  4065
  4067
  4102
  4103
  4105
  4106
  4120
  4123
  4125
  4126
  4130
  4132
  4135
  4136
  4150
  4152
  4153
  4156
  4160
  4162
  4163
  4165
  4167
  4201
  4203
  4205
  4206
  4210
  4213
  4215
  4216
  4230
  4231
  4235
  4236
  4250
  4251
  4253
  4256
  4260
  4261
  4263
  4265
  4267
  4301
  4302
  4305
  4306
  4310
  4312
  4315
  4316
  4320
  4321
  4325
  4326
  4350
  4351
  4352
  4356
  4360
  4361
  4362
  4365
  4367
  4501
  4502
  4503
  4506
  4510
  4512
  4513
  4516
  4520
  4521
  4523
  4526
  4530
  4531
  4532
  4536
  4560
  4561
  4562
  4563
  4567
  4601
  4602
  4603
  4605
  4607
  4610
  4612
  4613
  4615
  4617
  4620
  4621
  4623
  4625
  4627
  4630
  4631
  4632
  4635
  4637
  4650
  4651
  4652
  4653
  4657
  4670
  4671
  4672
  4673
  4675
  4678
  5012
  5013
  5014
  5016
  5021
  5023
  5024
  5026
  5031
  5032
  5034
  5036
  5041
  5042
  5043
  5046
  5061
  5062
  5063
  5064
  5067
  5102
  5103
  5104
  5106
  5120
  5123
  5124
  5126
  5130
  5132
  5134
  5136
  5140
  5142
  5143
  5146
  5160
  5162
  5163
  5164
  5167
  5201
  5203
  5204
  5206
  5210
  5213
  5214
  5216
  5230
  5231
  5234
  5236
  5240
  5241
  5243
  5246
  5260
  5261
  5263
  5264
  5267
  5301
  5302
  5304
  5306
  5310
  5312
  5314
  5316
  5320
  5321
  5324
  5326
  5340
  5341
  5342
  5346
  5360
  5361
  5362
  5364
  5367
  5401
  5402
  5403
  5406
  5410
  5412
  5413
  5416
  5420
  5421
  5423
  5426
  5430
  5431
  5432
  5436
  5460
  5461
  5462
  5463
  5467
  5601
  5602
  5603
  5604
  5607
  5610
  5612
  5613
  5614
  5617
  5620
  5621
  5623
  5624
  5627
  5630
  5631
  5632
  5634
  5637
  5640
  5641
  5642
  5643
  5647
  5670
  5671
  5672
  5673
  5674
  5678
  6012
  6013
  6014
  6015
  6017
  6021
  6023
  6024
  6025
  6027
  6031
  6032
  6034
  6035
  6037
  6041
  6042
  6043
  6045
  6047
  6051
  6052
  6053
  6054
  6057
  6071
  6072
  6073
  6074
  6075
  6078
  6102
  6103
  6104
  6105
  6107
  6120
  6123
  6124
  6125
  6127
  6130
  6132
  6134
  6135
  6137
  6140
  6142
  6143
  6145
  6147
  6150
  6152
  6153
  6154
  6157
  6170
  6172
  6173
  6174
  6175
  6178
  6201
  6203
  6204
  6205
  6207
  6210
  6213
  6214
  6215
  6217
  6230
  6231
  6234
  6235
  6237
  6240
  6241
  6243
  6245
  6247
  6250
  6251
  6253
  6254
  6257
  6270
  6271
  6273
  6274
  6275
  6278
  6301
  6302
  6304
  6305
  6307
  6310
  6312
  6314
  6315
  6317
  6320
  6321
  6324
  6325
  6327
  6340
  6341
  6342
  6345
  6347
  6350
  6351
  6352
  6354
  6357
  6370
  6371
  6372
  6374
  6375
  6378
  6401
  6402
  6403
  6405
  6407
  6410
  6412
  6413
  6415
  6417
  6420
  6421
  6423
  6425
  6427
  6430
  6431
  6432
  6435
  6437
  6450
  6451
  6452
  6453
  6457
  6470
  6471
  6472
  6473
  6475
  6478
  6501
  6502
  6503
  6504
  6507
  6510
  6512
  6513
  6514
  6517
  6520
  6521
  6523
  6524
  6527
  6530
  6531
  6532
  6534
  6537
  6540
  6541
  6542
  6543
  6547
  6570
  6571
  6572
  6573
  6574
  6578
  6701
  6702
  6703
  6704
  6705
  6708
  6710
  6712
  6713
  6714
  6715
  6718
  6720
  6721
  6723
  6724
  6725
  6728
  6730
  6731
  6732
  6734
  6735
  6738
  6740
  6741
  6742
  6743
  6745
  6748
  6750
  6751
  6752
  6753
  6754
  6758
  6780
  6781
  6782
  6783
  6784
  6785
  6789
 1435
  0124
  0125
  0126
  0132
  0134
  0135
  0136
  0142
  0143
  0145
  0146
  0152
  0153
  0154
  0156
  0162
  0163
  0164
  0165
  0167
  0213
  0214
  0215
  0216
  0231
  0234
  0235
  0236
  0241
  0243
  0245
  0246
  0251
  0253
  0254
  0256
  0261
  0263
  0264
  0265
  0267
  0312
  0314
  0315
  0316
  0321
  0324
  0325
  0326
  0341
  0342
  0345
  0346
  0351
  0352
  0354
  0356
  0361
  0362
  0364
  0365
  0367
  0412
  0413
  0415
  0416
  0425
  0426
  0431
  0432
  0435
  0436
  0451
  0452
  0453
  0456
  0461
  0462
  0463
  0465
  0467
  0512
  0513
  0514
  0516
  0524
  0526
  0531
  0532
  0534
  0536
  0541
  0542
  0543
  0546
  0561
  0562
  0563
  0564
  0567
  0612
  0613
  0614
  0615
  0617
  0627
  0631
  0632
  0634
  0635
  0637
  0641
  0642
  0643
  0645
  0647
  0651
  0652
  0653
  0654
  0657
  0671
  0672
  0673
  0674
  0675
  0678
  1032
  1034
  1035
  1036
  1042
  1043
  1045
  1046
  1052
  1053
  1054
  1056
  1062
  1063
  1064
  1065
  1067
  1203
  1204
  1205
  1206
  1230
  1234
  1235
  1236
  1240
  1243
  1245
  1246
  1250
  1253
  1254
  1256
  1260
  1263
  1264
  1265
  1267
  1302
  1304
  1305
  1306
  1340
  1342
  1345
  1346
  1350
  1352
  1354
  1356
  1360
  1362
  1364
  1365
  1367
  1402
  1403
  1405
  1406
  1436
  1450
  1452
  1453
  1456
  1460
  1462
  1463
  1465
  1467
  1502
  1503
  1504
  1506
  1534
  1536
  1540
  1542
  1543
  1546
  1560
  1562
  1563
  1564
  1567
  1602
  1603
  1604
  1605
  1607
  1637
  1640
  1642
  1643
  1645
  1647
  1650
  1652
  1653
  1654
  1657
  1670
  1672
  1673
  1674
  1675
  1678
  2013
  2014
  2015
  2016
  2041
  2043
  2045
  2046
  2051
  2053
  2054
  2056
  2061
  2063
  2064
  2065
  2067
  2103
  2104
  2105
  2106
  2140
  2143
  2145
  2146
  2150
  2153
  2154
  2156
  2160
  2163
  2164
  2165
  2167
  2301
  2304
  2305
  2306
  2310
  2314
  2315
  2316
  2340
  2341
  2345
  2346
  2350
  2351
  2354
  2356
  2360
  2361
  2364
  2365
  2367
  2405
  2406
  2410
  2413
  2415
  2416
  2450
  2451
  2453
  2456
  2460
  2461
  2463
  2465
  2467
  2504
  2506
  2510
  2513
  2514
  2516
  2540
  2541
  2543
  2546
  2560
  2561
  2563
  2564
  2567
  2607
  2610
  2613
  2614
  2615
  2617
  2640
  2641
  2643
  2645
  2647
  2650
  2651
  2653
  2654
  2657
  2670
  2671
  2673
  2674
  2675
  2678
  3012
  3014
  3015
  3016
  3041
  3042
  3045
  3046
  3051
  3052
  3054
  3056
  3061
  3062
  3064
  3065
  3067
  3140
  3142
  3145
  3146
  3150
  3152
  3154
  3156
  3160
  3162
  3164
  3165
  3167
  3210
  3214
  3215
  3216
  3240
  3241
  3245
  3246
  3250
  3251
  3254
  3256
  3260
  3261
  3264
  3265
  3267
  3415
  3416
  3450
  3451
  3452
  3456
  3460
  3461
  3462
  3465
  3467
  3514
  3516
  3540
  3541
  3542
  3546
  3560
  3561
  3562
  3564
  3567
  3617
  3640
  3641
  3642
  3645
  3647
  3650
  3651
  3652
  3654
  3657
  3670
  3671
  3672
  3674
  3675
  3678
  4051
  4052
  4053
  4056
  4061
  4062
  4063
  4065
  4067
  4150
  4153
  4156
  4160
  4162
  4163
  4165
  4167
  4250
  4251
  4256
  4260
  4261
  4263
  4265
  4267
  4351
  4356
  4360
  4361
  4362
  4365
  4367
  4560
  4561
  4562
  4563
  4567
  4657
  4670
  4671
  4672
  4673
  4675
  4678
  5041
  5042
  5043
  5046
  5061
  5062
  5063
  5064
  5067
  5140
  5143
  5146
  5160
  5162
  5163
  5164
  5167
  5240
  5241
  5246
  5260
  5261
  5263
  5264
  5267
  5341
  5346
  5360
  5361
  5362
  5364
  5367
  5460
  5461
  5462
  5463
  5467
  5647
  5670
  5671
  5672
  5673
  5674
  5678
  6071
  6072
  6073
  6074
  6075
  6078
  6170
  6173
  6174
  6175
  6178
  6270
  6271
  6274
  6275
  6278
  6371
  6374
  6375
  6378
  6475
  6478
  6574
  6578
  6789
 1456
  0124
  0125
  0126
  0127
  0132
  0134
  0135
  0136
  0137
  0145
  0146
  0147
  0156
  0157
  0165
  0167
  0178
  0213
  0214
  0215
  0216
  0217
  0231
  0234
  0235
  0236
  0237
  0241
  0243
  0245
  0246
  0247
  0251
  0253
  0254
  0256
  0257
  0261
  0263
  0264
  0265
  0267
  0271
  0273
  0274
  0275
  0276
  0278
  0412
  0413
  0415
  0416
  0417
  0423
  0425
  0426
  0427
  0432
  0435
  0436
  0437
  0456
  0457
  0465
  0467
  0478
  0512
  0513
  0514
  0516
  0517
  0521
  0523
  0524
  0526
  0527
  0531
  0532
  0534
  0536
  0537
  0541
  0542
  0543
  0546
  0547
  0561
  0562
  0563
  0564
  0567
  0571
  0572
  0573
  0574
  0576
  0578
  0712
  0713
  0714
  0715
  0716
  0718
  0723
  0724
  0725
  0726
  0728
  0732
  0734
  0735
  0736
  0738
  0745
  0746
  0748
  0756
  0758
  0765
  0768
  0789
  1023
  1024
  1025
  1026
  1027
  1032
  1034
  1035
  1036
  1037
  1045
  1046
  1047
  1056
  1057
  1065
  1067
  1078
  1203
  1204
  1205
  1206
  1207
  1230
  1234
  1235
  1236
  1237
  1240
  1243
  1245
  1246
  1247
  1250
  1253
  1254
  1256
  1257
  1260
  1263
  1264
  1265
  1267
  1270
  1273
  1274
  1275
  1276
  1278
  1402
  1403
  1405
  1406
  1407
  1423
  1425
  1426
  1427
  1432
  1435
  1436
  1437
  1457
  1465
  1467
  1478
  1502
  1503
  1504
  1506
  1507
  1520
  1523
  1524
  1526
  1527
  1530
  1532
  1534
  1536
  1537
  1540
  1542
  1543
  1546
  1547
  1560
  1562
  1563
  1564
  1567
  1570
  1572
  1573
  1574
  1576
  1578
  1702
  1703
  1704
  1705
  1706
  1708
  1723
  1724
  1725
  1726
  1728
  1732
  1734
  1735
  1736
  1738
  1745
  1746
  1748
  1756
  1758
  1765
  1768
  1789
  2013
  2014
  2015
  2016
  2017
  2031
  2034
  2035
  2036
  2037
  2041
  2043
  2045
  2046
  2047
  2051
  2053
  2054
  2056
  2057
  2061
  2063
  2064
  2065
  2067
  2071
  2073
  2074
  2075
  2076
  2078
  2103
  2104
  2105
  2106
  2107
  2130
  2134
  2135
  2136
  2137
  2140
  2143
  2145
  2146
  2147
  2150
  2153
  2154
  2156
  2157
  2160
  2163
  2164
  2165
  2167
  2170
  2173
  2174
  2175
  2176
  2178
  2301
  2304
  2305
  2306
  2307
  2310
  2314
  2315
  2316
  2317
  2340
  2341
  2345
  2346
  2347
  2350
  2351
  2354
  2356
  2357
  2360
  2361
  2364
  2365
  2367
  2370
  2371
  2374
  2375
  2376
  2378
  2401
  2403
  2405
  2406
  2407
  2410
  2413
  2415
  2416
  2417
  2430
  2431
  2435
  2436
  2437
  2450
  2451
  2453
  2456
  2457
  2460
  2461
  2463
  2465
  2467
  2470
  2471
  2473
  2475
  2476
  2478
  2501
  2503
  2504
  2506
  2507
  2510
  2513
  2514
  2516
  2517
  2530
  2531
  2534
  2536
  2537
  2540
  2541
  2543
  2546
  2547
  2560
  2561
  2563
  2564
  2567
  2570
  2571
  2573
  2574
  2576
  2578
  2601
  2603
  2604
  2605
  2607
  2610
  2613
  2614
  2615
  2617
  2630
  2631
  2634
  2635
  2637
  2640
  2641
  2643
  2645
  2647
  2650
  2651
  2653
  2654
  2657
  2670
  2671
  2673
  2674
  2675
  2678
  2701
  2703
  2704
  2705
  2706
  2708
  2710
  2713
  2714
  2715
  2716
  2718
  2730
  2731
  2734
  2735
  2736
  2738
  2740
  2741
  2743
  2745
  2746
  2748
  2750
  2751
  2753
  2754
  2756
  2758
  2760
  2761
  2763
  2764
  2765
  2768
  2780
  2781
  2783
  2784
  2785
  2786
  2789
  4012
  4013
  4015
  4016
  4017
  4023
  4025
  4026
  4027
  4032
  4035
  4036
  4037
  4056
  4057
  4065
  4067
  4078
  4102
  4103
  4105
  4106
  4107
  4123
  4125
  4126
  4127
  4132
  4135
  4136
  4137
  4156
  4157
  4165
  4167
  4178
  4201
  4203
  4205
  4206
  4207
  4210
  4213
  4215
  4216
  4217
  4230
  4231
  4235
  4236
  4237
  4250
  4251
  4253
  4256
  4257
  4260
  4261
  4263
  4265
  4267
  4270
  4271
  4273
  4275
  4276
  4278
  4501
  4502
  4503
  4506
  4507
  4510
  4512
  4513
  4516
  4517
  4520
  4521
  4523
  4526
  4527
  4530
  4531
  4532
  4536
  4537
  4560
  4561
  4562
  4563
  4567
  4570
  4571
  4572
  4573
  4576
  4578
  4701
  4702
  4703
  4705
  4706
  4708
  4712
  4713
  4715
  4716
  4718
  4723
  4725
  4726
  4728
  4732
  4735
  4736
  4738
  4756
  4758
  4765
  4768
  4789
  5012
  5013
  5014
  5016
  5017
  5021
  5023
  5024
  5026
  5027
  5031
  5032
  5034
  5036
  5037
  5041
  5042
  5043
  5046
  5047
  5061
  5062
  5063
  5064
  5067
  5071
  5072
  5073
  5074
  5076
  5078
  5102
  5103
  5104
  5106
  5107
  5120
  5123
  5124
  5126
  5127
  5130
  5132
  5134
  5136
  5137
  5140
  5142
  5143
  5146
  5147
  5160
  5162
  5163
  5164
  5167
  5170
  5172
  5173
  5174
  5176
  5178
  5201
  5203
  5204
  5206
  5207
  5210
  5213
  5214
  5216
  5217
  5230
  5231
  5234
  5236
  5237
  5240
  5241
  5243
  5246
  5247
  5260
  5261
  5263
  5264
  5267
  5270
  5271
  5273
  5274
  5276
  5278
  5301
  5302
  5304
  5306
  5307
  5310
  5312
  5314
  5316
  5317
  5320
  5321
  5324
  5326
  5327
  5340
  5341
  5342
  5346
  5347
  5360
  5361
  5362
  5364
  5367
  5370
  5371
  5372
  5374
  5376
  5378
  5401
  5402
  5403
  5406
  5407
  5410
  5412
  5413
  5416
  5417
  5420
  5421
  5423
  5426
  5427
  5430
  5431
  5432
  5436
  5437
  5460
  5461
  5462
  5463
  5467
  5470
  5471
  5472
  5473
  5476
  5478
  5601
  5602
  5603
  5604
  5607
  5610
  5612
  5613
  5614
  5617
  5620
  5621
  5623
  5624
  5627
  5630
  5631
  5632
  5634
  5637
  5640
  5641
  5642
  5643
  5647
  5670
  5671
  5672
  5673
  5674
  5678
  5701
  5702
  5703
  5704
  5706
  5708
  5710
  5712
  5713
  5714
  5716
  5718
  5720
  5721
  5723
  5724
  5726
  5728
  5730
  5731
  5732
  5734
  5736
  5738
  5740
  5741
  5742
  5743
  5746
  5748
  5760
  5761
  5762
  5763
  5764
  5768
  5780
  5781
  5782
  5783
  5784
  5786
  5789
  7012
  7013
  7014
  7015
  7016
  7018
  7023
  7024
  7025
  7026
  7028
  7032
  7034
  7035
  7036
  7038
  7045
  7046
  7048
  7056
  7058
  7065
  7068
  7089
  7102
  7103
  7104
  7105
  7106
  7108
  7123
  7124
  7125
  7126
  7128
  7132
  7134
  7135
  7136
  7138
  7145
  7146
  7148
  7156
  7158
  7165
  7168
  7189
  7201
  7203
  7204
  7205
  7206
  7208
  7210
  7213
  7214
  7215
  7216
  7218
  7230
  7231
  7234
  7235
  7236
  7238
  7240
  7241
  7243
  7245
  7246
  7248
  7250
  7251
  7253
  7254
  7256
  7258
  7260
  7261
  7263
  7264
  7265
  7268
  7280
  7281
  7283
  7284
  7285
  7286
  7289
  7401
  7402
  7403
  7405
  7406
  7408
  7412
  7413
  7415
  7416
  7418
  7423
  7425
  7426
  7428
  7432
  7435
  7436
  7438
  7456
  7458
  7465
  7468
  7489
  7501
  7502
  7503
  7504
  7506
  7508
  7510
  7512
  7513
  7514
  7516
  7518
  7520
  7521
  7523
  7524
  7526
  7528
  7530
  7531
  7532
  7534
  7536
  7538
  7540
  7541
  7542
  7543
  7546
  7548
  7560
  7561
  7562
  7563
  7564
  7568
  7580
  7581
  7582
  7583
  7584
  7586
  7589
  7801
  7802
  7803
  7804
  7805
  7806
  7809
  7812
  7813
  7814
  7815
  7816
  7819
  7823
  7824
  7825
  7826
  7829
  7832
  7834
  7835
  7836
  7839
  7845
  7846
  7849
  7856
  7859
  7865
  7869
 4567
  0124
  0127
  0128
  0132
  0134
  0136
  0137
  0138
  0145
  0146
  0147
  0148
  0167
  0168
  0176
  0178
  0189
  0214
  0215
  0217
  0218
  0231
  0234
  0235
  0236
  0237
  0238
  0245
  0246
  0247
  0248
  0254
  0256
  0257
  0258
  0264
  0265
  0267
  0268
  0274
  0275
  0276
  0278
  0284
  0285
  0286
  0287
  0289
  0456
  0457
  0458
  0467
  0468
  0476
  0478
  0489
  0567
  0568
  0576
  0578
  0589
  0658
  0675
  0678
  0689
  1032
  1034
  1036
  1037
  1038
  1045
  1046
  1047
  1048
  1067
  1068
  1076
  1078
  1089
  1204
  1207
  1208
  1230
  1234
  1235
  1236
  1237
  1238
  1245
  1246
  1247
  1248
  1254
  1256
  1257
  1258
  1264
  1265
  1267
  1268
  1274
  1275
  1276
  1278
  1284
  1285
  1286
  1287
  1289
  1435
  1436
  1437
  1438
  1456
  1457
  1458
  1467
  1468
  1476
  1478
  1489
  1534
  1537
  1538
  1546
  1547
  1548
  1567
  1568
  1576
  1578
  1589
  1634
  1635
  1638
  1645
  1647
  1648
  1652
  1654
  1657
  1658
  1674
  1675
  1678
  1682
  1684
  1685
  1687
  1689
  1839
  1845
  1846
  1847
  1849
  1856
  1857
  1859
  1867
  1869
  1876
  1879
  4568
  4576
  4578
  4589
  4658
  4675
  4678
  4689
  5476
  5478
  5489
  5648
  5674
  5678
  5689
  5879
